15998590931
15140604512
15241103465
15140674818
13478961405
13478961407
15998596796
15998672105
15164014712
13478614759
13478961409
15998630062
15140604198
15164024813
15998615628
15734134786
15040617426
15714054368
15724564619
15140500467
15140634119
15164054292
15998592507
15242671402
15714054298
15164044068
15140564168
15242674168
15164054618
15164054619
13478594729
15141147463
15140364898
15164054610
15164054616
13478594720
15164094863
15140517479
15242544286
15004262497
15164064937
15140354268
15242664430
13478494385
15142329453
15142329452
15242506425
15164064027
15164084692
15998580076
15998652370
15998595231
15142364430
15998583667
15140389460
15998609817
15142496428
15041134489
13478978431
13478974132
13478904105
15998671956
15714064719
15140424519
15998587760
15142403452
15040522416
15242648432
15241464121
15241464120
15998603760
15998578923
15164024979
15998587397
15142454268
15998679931
15040465412
15140334798
15164074817
15724594718
15184011452
15164074818
15998680582
15142454668
15998661091
15840633402
15998660859
15140304968
15998667810
15242564318
15041124018
15734114512
15734144168
15140400457
15734114516
15164024251
15734114518
15164054873
15164054871
15734184268
15184016491
15164064208
15164034169
15142380472
15140534480
15140392412
15242532460
15242508493
13478724976
15998617671
15140412486
15104084412
15241149463
15998641568
15242524437
15140471476
15242513415
15142398465
15998605325
15142398460
15998605321
15140379471
15241124786
15164094583
15164094580
13478684130
15998642051
15998687206
15164094279
15754034298
15164004959
15724574318
15142376432
15140439462
15164004225
15140584819
15164034571
15164034570
15164034573
15242604019
15042444698
15241184086
13478464153
15041184668
15754034121
15754034120
13478979418
15998683583
15164035410
13478704859
15998651096
15142481460
15704114918
15241478420
15754014568
15242591453
15704114318
15241186471
15242514998
15241186475
15241474686
15142340465
15998651330
15164034285
15998576572
13478524726
15140694518
15998577552
15164014903
13478544873
15241494268
15998629589
15998582623
13478594592
13478924392
15998581823
15164004557
15242689462
15998598862
15140604219
15164004553
15242504586
13478972490
15164004558
15842481402
15164014908
15140431432
15734184818
15998658793
15998658795
15140372479
13478961430
15040407436
15241454319
15140428405
15140314518
15140321497
15140314618
15040554219
15724504886
13478989430
15724554318
15734164512
15242678461
15724564110
15242573413
15998617971
15164054265
15998607093
15164044050
15164044720
13478984317
15164044057
15242554086
15164094798
13478986495
15164064856
15241144086
13478944153
13478983471
13478434635
13478924820
15241177426
15998603307
15164094870
15164054667
15734174218
15004114519
15998600372
15004114516
15164074119
15004114512
15164064058
15140609471
13478996421
15164084682
15140476412
15998648967
15040514719
15140334019
15164084689
15242545415
15998591256
15140404786
15242697481
15998640015
15140540472
15142384386
15998631239
15241145429
15998648568
15140384968
15104061467
15241145425
15140424218
15242614819
15242614818
13478974273
15004258465
15242587451
15040424968
15140658412
15754064619
13478994651
15140508407
15140508406
15242602419
15142334516
15998680025
13478494387
15734174568
15104114198
15242661432
15242661436
15241181470
15164004236
15164064021
15712394519
15712394516
15140664518
15242624098
15142454415
15164054880
15140454868
15164064273
15164034110
15998627326
15164024897
15998641718
15242652419
15164024891
13478724967
15164014573
15734144286
15142387425
15998645878
15164014585
15164004038
15998690057
15164004036
15140471467
15724504319
15042424118
15998629097
15998641579
13478974507
15724594186
15242504568
15734154618
15734154619
15164024098
15164024097
15142416478
15754034286
15164074175
15164075482
15998591803
15164004968
15998589283
13478654912
15164074357
15998646837
15842415487
15998580656
15242513480
15998617285
15141134698
15184004318
15140346496
15242534598
15164081489
15142404516
15998591671
15704114219
15704114218
15724554819
13478967497
15241458421
15998682318
15164024638
15140637493
15104094219
15164024632
15164024630
15040559410
15142334368
13478674531
15140444512
15164034295
15242503463
15998585061
15242581453
15042478402
15998610837
15042415418
15242641401
15242504110
15998576212
15140594168
15242594386
15242504118
15242514186
15142348407
15142354120
15164004651
15242638423
15140481472
15140541421
15140492432
15042438496
15998597310
15998592935
15998675805
15241164019
15140673402
15104054618
15241194018
15724564368
15142305405
15242614186
15712354120
15998628060
15040634518
15040634519
15998626739
13478454161
15712354698
15754014798
15998612552
15998685337
15998612556
15164044593
15164014732
15241469402
15998691826
13478989423
15998650857
15242679412
15724554368
15164044910
15998619068
15040616426
15724534268
15142489428
13478494630
13478614082
13478494637
15164044730
15164044731
15164044732
15140624518
15164084323
15140344268
15140449461
15140449463
15164094807
15164094806
15140516491
13478704195
15164054675
15241175469
15184002491
15140529493
15140427428
15998592580
13478934036
15242649413
15140542426
15140545436
15042474786
15242519483
15140374420
15164084318
15140679473
15140524457
15754024998
15998622839
15140696485
15141153475
15040566467
13478978415
15040594818
15140464668
15104077436
15104061479
15040573497
15164024972
15040411462
15242564086
15714064519
15714064518
15104057493
15140374398
13478724770
15140443438
15998618820
15754074586
15998653680
15998616253
15164094557
15998629937
15998606752
15040494819
15724534868
15998616072
13478754837
15754054968
15140359428
15042408463
15140359425
15164041430
15164034105
15714054121
15724544818
15164034103
15164094072
15164094832
15164094070
15164094076
15241484120
15164024886
15734144818
15142474120
15998631172
15998613592
15004114298
15141164018
15164004029
15140304512
15998586762
15704114686
15998670861
15142471435
15040578437
15242613463
15142395452
15164094256
13478724190
15998687268
15164074163
13478964102
15040574686
15164004972
15142372410
15164004970
15998671330
15140654686
15242546483
15140504898
15142371463
15142361462
15140544568
15042464398
15140354402
15164084172
15140484619
15241184819
15142441463
15241474512
15004114121
13478734201
15041124698
15041104429
15242654686
15734104568
15242624986
15140594798
15242587425
15140684410
15142484493
15754014098
15140519415
13478624173
15164024627
15998576519
15241178482
15242551416
15142341460
15140639467
15140488457
15242503473
15164034509
15734104168
13478914013
13478494061
15998576226
15140539460
15140577470
15142314516
15998583592
15142382469
15998600171
15142419496
15998655373
15004113402
15998682783
15724574512
15164004570
13478974053
15241489408
13478974052
13478534130
15142304819
15724574198
15998679301
15241478403
15140610490
15998653726
15040544668
15998618517
15998628076
13478966429
13478484907
15998628073
15242597439
15998670087
15164034809
13478966421
15998673956
15040634563
15164013416
15184024818
15140338479
15998592696
15998592695
15724544386
15142474068
15040584798
15164014312
15140357452
15242524018
15140554019
15140554018
15242678402
15242678403
15998601770
13478969435
15998601773
15140494818
15140472473
15140635410
13478794571
15998662739
15998602231
15734174768
15140636469
15164094698
15164084336
15140304481
15140534110
15142354719
15998672571
13478744870
15142414286
15998593151
15242649408
15242624718
15998656590
15998656592
15754004186
15242644219
15140598481
15164034828
18340814852
15242501403
15998635713
15998622801
15998673553
15998665182
15140377463
15140314718
13478784129
15140540492
15140594898
13478904153
15104077425
15142365475
15104114786
15140364918
15734164318
15040414119
15142314450
15241463495
15754074118
15754064186
13478724760
15712364368
15241476487
15040465421
15242638493
15164090495
15164004362
15140474516
15164064785
15754074598
15242602475
15998602052
15140654798
15004114698
15140441483
13478424031
15998606213
15998578157
15242599408
13478504195
15242596412
15242596413
15724534898
15164034138
15164064523
13478974692
15164064253
15040428429
15040514518
15140579430
15998627305
15164094003
15140494686
13478574671
15998596592
15998649883
15140585463
15241484718
15164094620
15164004019
15164004018
15998655619
15164094629
15842475478
15140361410
15040614598
15140574898
15754024098
15998605319
15998642080
15241184798
15140647463
15140324512
15998595169
15142379465
15040524586
15184014218
15242604519
15998676113
15998686126
15242604512
15140483497
15998610235
15141154516
15142374119
15104074398
15998641198
15242632465
15998645183
15140474298
13478564265
13478734272
15998669031
15754014086
15140684401
15040619427
15041104218
15140594819
15040514668
15242651467
15164024618
15140367491
15164024616
15140367495
15140367497
15140639459
15998626798
15041104698
15998576507
15241454919
15242551401
15164053463
13478684301
15140634298
15998649086
15142348428
15998605860
15041176407
15734134698
15998606305
15041144098
15164084867
15998647680
15998600167
15040632431
15704114898
15164024178
15142344786
15998592160
15164014538
15040422453
15734134219
15164084391
15140574068
15140433476
15040534516
15142302439
15241105439
15242670465
15241194218
15142314786
15754084719
15241108435
13478484916
15241477451
15164014753
15164014758
15242660475
15164044938
15164044937
13478794761
15998575853
15998600695
15998576239
15998612970
15241179430
15140592406
15140550475
15734144719
15142486401
15164054787
15164094828
15242509427
15140344286
15164084303
15164094820
15042455476
15242624518
15754044586
15998578362
15241194698
15164024553
15042471465
15242544718
15998659872
15140374406
15840836452
15164034832
15840836450
13478974065
15104114318
15242644268
13478694860
15724514398
15998643058
15104114798
15140672489
15754074618
15142332421
15142364998
15998661853
15164054258
13478994405
15164054250
15142477493
13478904361
15242575467
13478724209
15998626963
15164084169
15140402487
15040564898
15242534819
15164023437
15242664618
15040514186
15142426435
13478985412
13478724530
13478985419
15242694110
15042465425
15998605262
13478434307
15164064537
15998585506
15734194886
15241172431
15242532420
15164094010
15164094013
15004114986
15242614868
15142304068
15998597856
15164094635
15164094630
15142349470
15040524119
15140454586
15140536462
15164084559
15164084550
15140654918
15164084552
15164084553
15242686479
15140384018
15734154118
15142347493
15140369425
15164054921
15712374598
13478574591
15998667851
15804255451
15164048496
15142443402
15998680762
15042442469
15714054586
15140330491
15142454018
15242694398
15998618238
15242595482
15998590183
15998655705
15142304268
15998586691
13478564271
15004114368
15140474268
15164084950
15140504121
15040474318
15140408426
15242684786
15998603850
15040514986
15140447413
15140631471
15140634110
15242514018
15241176408
15142364432
15004265410
15734124186
15164024601
15140537489
15998609103
15140318481
15998646970
15242604186
15704114086
15042470439
13478534731
15241144786
13478684865
15242502497
15042454798
15140583450
15140577450
15140594110
15998672372
15142348437
15104093402
15998692601
15164014293
15164014291
15164004598
15998592907
15998592905
15140674420
15164034793
15241154186
15242538459
15242574401
15241105427
15241105421
15734164898
15140614286
15242674318
15241108403
13478704071
15164044895
15164044896
15998689351
13478976471
15140414598
13478982461
15042476475
15242678429
15004114086
15040475465
13478991438
15998656602
15164044095
15998602218
13478684819
15724524698
15164084317
15242509435
15164094836
15164074956
15142322403
15140514868
15242554918
15998582056
15140301493
15998596075
15140498431
15040434492
15242534318
15140364118
15142478415
15724504919
15724504918
15142478410
15142466481
13478514552
15998593362
15104114819
15242501467
15998626815
15140609431
15140609432
15164034802
15242612453
15998678525
15164044369
15242546409
15041174019
15164044361
13478484706
15164044367
15842406471
15140694519
15142448410
13478993423
15040411412
15734164668
15242573452
15242573451
15734164118
15142477481
15242664598
15734164110
15142370459
15242544986
15242568409
15140554819
15140324168
15164084170
15998599583
15242604886
15242654319
15140304686
15142384368
15040608415
15998613031
15242594398
15140544719
15140498496
15998640939
15734194898
15714054119
15998601910
15241124268
15040597406
15142310490
15164064503
15164024853
15164024851
13478554362
15164094025
15998647972
15724544512
15164094028
15998662860
15242644018
15998630983
15998692278
15241142452
15241142459
15998639283
15040414919
15998641538
15140362463
13478964805
15142471402
15164084563
15140546412
15998627029
15242535403
15164084382
15140364119
15104064168
13478744763
15140354986
15141175452
15164054919
15164094280
15164054917
15164054916
15142379403
15164054912
15104059415
15142378463
15242519403
15241464798
15998660397
15140364598
15104059419
15998589957
15164074395
15242604068
15754024218
15840637491
15040416453
15998679172
15734124998
15998648996
15998679179
15242584019
15998600535
15998671785
15140481463
13478754372
15142464519
15184024318
15004114318
15164094358
15998602861
15164084960
15840829401
13478554013
13478554010
15141189483
15164094606
15998610079
15998611075
15241176435
15140643405
15241155410
15140637458
15998650673
15140419415
15140404186
15164024672
15164024671
15164024670
15242565491
15042473495
15734124198
13478674571
15140484098
15164034253
15241154998
15164034258
15140488461
15998593620
15142340439
15754034068
15754044818
15998682137
15734154218
15104112403
15998665071
15998596269
15998672305
15142474451
15164014515
15140541467
15164034783
15164042483
15242694186
15998622052
15164010468
15241154198
15998665953
15998665950
15998682685
15140436472
15164044882
15164018470
15164044881
15242577493
15142384519
13478982472
15242594471
15998638982
15184024868
15142314497
15164044959
15164044956
15734104818
15164044950
15140594121
15140594120
15142321452
15004114098
15042424516
15998580785
13478434689
15140474121
15140601451
13478924872
15164084267
15164094601
15242544268
15040544768
15242509401
15142392406
13478464923
15242533465
13478754581
15164094350
15142346461
13478744827
15242514068
15241164986
15104083483
15142410475
15242524968
15998636916
15142304719
15140574518
15142411476
15140641497
15734164298
15140324086
15164074757
15998648260
15142443459
15142404120
15241450472
15142393490
15998672893
15142384886
13478970492
15998576871
15140343450
15140424798
15164077480
15142376450
15142354698
13478974910
15184039482
15998641885
15142455401
15734164619
15242514410
15712394098
15734164120
15242568431
15164016431
15842446402
15998625887
15140394786
15840987410
15140424819
15164084105
15734174512
15734194719
13478474291
15164084108
15714064186
15140542463
15242648471
15142487483
15040509475
15140407425
15998605283
15714054168
15164004270
13478614976
15042494473
15998665395
13478574603
15242604409
15734154718
15998586531
15242648492
15734114619
15140514686
15241484218
15184014586
15164084575
15164094292
15140647416
15164084579
15998687518
15164034256
15004112459
15142378410
15004244019
13478985473
13478985470
15140468402
15754024598
15141174798
15140488465
15242639405
15241164472
15998618073
13478934921
15142424819
15164084973
15140464098
15164044051
15040589427
15140589475
15142479435
15142479430
15140634319
15004264786
15140594286
13478634109
13478984125
15998610062
15041104718
15040524318
15140484086
15140336490
15140530471
15164024663
15164004608
15140403426
15998649328
15734174586
15142397496
13478534715
15041124386
15164034260
15734184568
15734154516
15164004938
15164003459
15164004936
15998628909
15164074386
15164074850
15734154519
15040621403
15242514686
13478714392
15140577431
15998602981
15164014501
15998677232
15734134398
15104065409
15241164068
15104065403
15242634462
15104054668
15998681261
15104096498
15724564318
15140563460
15142464598
15164094872
15164044560
15164044563
15242674998
13478764907
15164044568
15241127426
13478966468
15998603051
13478694272
15142421465
15998582312
15998607610
15998607619
15998575863
15140357412
15004264019
15140411450
15140344586
15734184786
15104114473
15140358430
15140322471
15140350473
15998673610
15140547410
15242566438
15142395497
13478464931
15140533461
15140454986
15998600392
15140424019
15242594086
15142411461
15140674886
13478614852
13478961492
15242574386
13478694850
15104114619
15998595283
15998685129
15998673262
15998612653
15241484368
15242595491
15724544168
15241107482
15142455431
15242634786
13478424216
15164054205
13478993403
15164054206
15998606569
15142354686
15142486450
13478474627
15242534998
15734174186
15142488415
15242684110
15140356436
15142384098
15724514219
15140612492
15142301482
15140325410
15164084119
15998681579
15040472435
15140544868
15724514698
15040472439
15998617150
15998606037
15241484068
15242517470
15140359472
15734144110
15724504110
15998646131
15140579476
15104114120
15142472460
15142404718
15998596807
15241142471
15040527492
15140424586
15724504598
15140464219
15164044128
15040524415
15241134768
15754074886
15140361450
15754034268
15998595125
15840661407
13478774065
15164044886
15140354968
15142390436
15142360465
15164064168
15164054973
15164054970
15142435471
15734114298
15140554619
13478965487
15998613013
15734194968
13478995497
13478985460
13478995491
15184035453
15242595458
15242659472
15998613276
15164024381
15242659479
15140464086
15040412429
15241154819
13478624801
13478969473
15164084909
15040614403
15164094379
15140634120
15734154768
15714054318
15164094370
15164024659
15242651425
15242514435
15142474619
15164024126
15140419471
13478574895
13478744627
15142312437
15140694219
15164004630
15998690561
15164004632
15040640487
15164034273
15164004639
15998586325
15164034275
13478544315
15140454121
15998658873
15140584886
15140535451
15164074912
15998671367
15704114186
13478524595
15140383412
15164024119
15242521485
15140376472
15998672987
15040632473
15040444298
15140360492
15140360495
15164054068
15242584718
15242538402
15998580893
15140584086
15242574168
15140378493
15040534086
15998690160
15704114986
15998609753
15040614886
15754014519
15164044957
15141124512
15164004320
15140651463
15998658385
15724554386
15804258491
13478982419
15104094086
15042462406
15998596392
15140544298
15242516405
15998630237
15040616482
15998576272
13478534051
15140414121
15998576109
15998658128
15140604918
15140601435
15242509462
13478974270
15241175408
13478704687
15998578850
15242566426
15734194368
15140498465
15140498462
15242620497
15140467451
15142386461
15998648062
15998659830
13478644905
15998678701
13478514507
15998673902
13478961481
15140683475
15142304518
13478514271
15140366437
15164044352
15142404482
15242696479
15242696478
15242658483
15142444719
15041154918
15164094973
15164094972
13478474107
15004117490
15142461496
15042414898
15164054210
15164044756
15040507451
15040516493
15164054219
15734144698
15754064686
15242541475
15242504886
15998578273
15142492490
15164064750
13478614257
15998676985
15140677493
15164084120
15712384718
15712384719
15142433420
15734184598
15142433427
15140325401
15040594476
15040504398
15140614417
15140394898
15724514686
15754054586
15140443421
15164034872
15242517469
15712384768
15998641309
15242517462
15164064287
15140489471
15140454819
15140524618
15164064575
15040474868
15242617452
13478644765
15164064579
15140534402
15040635403
15140624819
15164014892
15241464436
15140499415
15140623461
13478474637
15004254118
15754074219
15754074218
15140620459
15141154686
15754034219
15754034218
15104054319
15040624219
15140369460
15042474018
15142360471
15242686438
15242686439
15184033459
15242514120
15712394218
15142426471
15714054098
15184034467
13478984491
15242534562
15242550483
15104074618
13478454635
15164024397
13478554931
15164024398
15042464483
13478971435
15164084918
15242582490
15998649523
15164094361
15998649837
15140442461
15164024461
15164074672
15164004628
15242651430
15164024132
15242514919
15142494318
15164074053
13478534269
15242584898
15998690572
15140639482
15164074059
15242619452
15040404968
15140444586
15140584898
13478544216
13478684352
15140693475
15998682109
15142419479
15164014563
15242548465
13478984810
15242634401
15141174198
15242634408
15724534768
15754084568
15242677405
13478934763
15754014068
13478644030
15140694919
15140637463
15998618506
15242571419
15164014781
15724554398
15164098419
15164014786
15242523470
15242648453
15998615323
15998627803
15734124768
15164044170
15724564198
15998691153
15142424698
15042462417
15998582370
15998581683
15164064270
15998596389
15140414487
15242544198
13478554193
15164084356
15998642690
15998576136
15140385482
15998602258
15164084359
13478704120
15242616485
15998658702
15242674286
15998677562
15140614318
15140398475
15140398478
15998628583
15242618463
15164044506
13478614837
15041164516
15041144798
15241471402
15140524110
15140491438
15998678291
13478414573
13478414575
15242584998
15164084285
15142394718
15042489406
13478594627
15004114668
15040516467
15140416409
13478744987
15242643465
15140358453
15040607475
15040507462
15242631438
15164054007
15140658496
15184037402
15140697431
15998607237
13478674301
15164054552
15164034995
15140524598
15998676992
15164064760
15164034991
15998585071
15164034998
15242544019
15998583762
15142304186
15998606728
15140614425
15140496421
13478974013
13478974015
15998607921
15040608452
15040444018
15754054598
15242510451
15998641917
15042465451
15242614413
15164064818
13478954671
15754054919
15164034196
15164014980
15140421407
15140579490
15754064218
15164024815
15724534968
15142472403
15242674719
15712364218
15241480497
15998652697
13478904395
15142454768
15140434516
15242604918
13478604120
15998595785
15241480453
15998681910
15242634518
15142374319
15040628401
15040628403
15040524120
13478970478
15754044368
15998616957
15142324768
15164054952
15724584668
15104082482
13478764312
15104082485
15724594586
15241174768
15164094175
15724584819
15164094179
15998616003
15998686893
13478983475
15242693412
15242546410
15184035479
15242693416
15242659453
13478694553
13478664167
15164094795
15998640997
15734144319
15140698471
15998668612
15004114868
15998613212
13478564753
15724584119
15140347415
15140442458
15040604698
15241464286
15242654618
15140664516
15998595096
15164094317
15164094316
15998591087
15140589403
15164074606
15164074605
15142318423
15040523425
15040525439
15040510457
15998585172
15998631920
15164004873
15164024093
15164024103
15242524686
15164074026
15242601416
15164074021
15998658817
15998593953
15998626735
15164034210
15164074029
15040551472
15998680561
13478694550
15141126409
13478968459
15164074937
15164074930
15040439490
15164014223
15734194168
15140674918
15164014227
15724574586
15242674868
15704114386
15242546479
15734184886
15998622097
15242548453
15241154483
15164014058
13478973485
15140544318
15142354318
15142354319
15140393429
15140681496
15242654439
15998605087
15142364110
15734104516
15142432482
15142432481
15042424086
15734104512
15241171462
15042472410
15004114120
15142301490
15140397475
15242594437
13478982430
13478982431
15714114968
15140354719
15242607490
15242654368
15242547458
15242547459
15242608450
13478754639
15040464319
15040464318
15998577695
15140349479
13478684015
15140494298
15164094882
15998658103
15242533426
15724574768
15140533452
15241194186
15004114586
15140467476
15998620363
15140467475
15242524518
15141124068
15242626413
15140491421
15040545410
15998592583
15241454186
15754064919
15041144786
15241194986
15004254868
15242658465
15242696410
15141124719
15164044338
15142499436
15242585425
15242514019
15734164386
15164054763
15242581471
15140334219
15164024071
15242669453
15040607461
15998657902
15164054013
13478924351
15140356409
15140356407
15754064598
15164034986
15041179423
15998656236
15998626072
15242674493
15712374818
15140329401
15242510462
15998641929
15164034853
15998648221
13478584031
18340814357
15998641921
15164034859
15998581326
15998641671
15164064801
15998649335
15242550471
15242603489
15142394186
15164059496
15998582591
15142384118
15998597831
15998652830
15040637492
15040637493
15104078426
15734164168
15242575402
15242575403
15142454719
15140394198
15714064268
15004248403
13478654706
15004259417
15724594118
15998680389
15998629179
15998660965
15840952425
15140369482
15040648497
15998601870
15142356409
15998683870
15998652535
15164064158
15142404698
15164094165
15998617967
15998617962
15242546407
15164094781
15242684368
15140632420
13478971412
13478971410
15164084937
15164084935
15164084932
15140324698
15140330481
13478504292
15734154886
15164094307
15242518461
15040524427
15104054998
15164074610
15040634898
15164004863
15140495420
15140484518
15164074035
15242601403
15164034225
15998667215
15714114818
15242604698
15242564919
15754034018
15242559453
15041134168
15734104298
15040439461
15164074921
15164074927
15142317402
15704114398
13478514397
15998676365
15164014239
15140644298
15164064320
15164044785
15142304898
15998690159
15840624467
15998609250
15998618562
15998618293
15242637430
13478989491
15041104068
15040584719
15242539451
13478544982
15242547462
15242607486
15140584219
15998672283
15242514719
15714064868
15140389483
13478534530
15004114068
15241454298
15998577685
15040601451
13478534023
15241493406
13478534028
15140674598
15998651793
15140578470
15140417406
15140414686
15140385468
15712354268
15998628161
15040454318
15164044923
15242566475
15104084968
15998672067
15164014050
15998652896
15241194198
15140344698
15164014056
15241193401
15141172496
15241193402
15734104110
13478644973
15242574318
15142367458
15164044836
15724534121
15140683426
15241473409
15724564719
15164034076
15164044307
15042417461
15712384686
15241472413
15140314798
15164034070
15164064353
15142452463
15142452462
15140523430
15140358471
15140416420
15140308401
15040507401
15998601513
15164054026
15164054020
15164054531
15164054530
15998605763
15998656227
15754064586
15140443489
15042467412
15998673623
15998606290
15164084383
15164044010
15998641932
15242674219
15040595406
15998648987
15040414512
15164014023
15998688730
15164064835
15140332418
15140373416
13478454992
15164024835
15164024837
15140388473
15042494319
13478514936
15040575482
15734144886
15040404512
15140514018
15242505472
15724554186
13478995480
15004248410
15040552495
15724594121
15724594120
15041125463
15998682793
15140464518
15714064698
15140464516
15140464512
15242636452
15998680263
15164004562
15040629425
15140434798
15140485459
15140667401
15242542418
15164094157
15184038431
15842439462
15998598610
15142322482
15141184467
15998613985
15998616602
15998600592
15998617927
15104064098
15998657329
15998637238
15242504598
15140474218
15140474219
15041134019
15140412439
15164044812
15734154898
15998602512
15164094331
15140324918
15140324668
15140354668
15040524186
15142318408
15998641593
15164004671
15164004670
15164004572
15164004672
15734164119
15042464168
15164074553
15242512406
15164074005
15164034237
15140466450
15241197416
15140511421
15142374516
15998610185
15140316490
15164034238
15140597409
15998679660
15164004989
15164004982
15164004980
13478968473
15040459430
15040517475
15140444686
15242604598
15142369401
15242595410
15998676375
15998682731
15704114819
15142493492
15164024569
15040534598
15242514568
15164004187
15164034261
15142430463
15104084768
15040574421
15040574420
15241454519
15140454407
15040486479
13478934753
13478534902
15142428402
15140637438
15998691835
15998608593
15140670481
15998609061
15998627382
15042458431
15140615415
15142354019
15142354018
15042454319
13478754653
15998649115
15164014686
15042487428
15241144516
15140539401
13478991403
15040636497
15104077438
15140376431
15998608957
15242554512
15142419402
15140578465
15142314386
15998673015
15164044609
15242574786
15241180452
15040528421
15140620435
15164014060
15998595267
15140467416
15242514386
15164044821
15040544386
15164044532
15998685393
15998601692
15998616525
15712364918
15142364919
15241472423
15164044313
15164084257
15164084256
15754014918
15998576812
15241137476
15164094936
15040462491
13478594673
15241137473
15164004568
15241167489
15164044790
15164054702
15998629397
15040507415
13478744957
15142464219
15241454086
15998657920
15184031402
15142497483
15242638403
15140348476
15164064712
15140402406
15998647610
15140576409
15998583735
15242598457
15242519423
15242630486
15998673638
15242501497
15140494168
15142304120
15241144698
15040438483
15104114398
15140524121
13478974603
15998636152
15242517421
15998580298
15754074786
13478614359
15164024823
15242617412
13478664235
15164024828
15042494368
15164014850
15164014851
15164084078
15164014856
13478644852
15140434565
15241458401
15140434561
15140434563
15241130436
15040451421
15242635481
15998676368
15242604968
15164054037
15242537498
15241141482
15140455471
15998616908
13478474850
15241480450
15004118495
15754054898
15754004798
15140474368
15140395490
15998593967
15998660952
15142390468
15734114268
15042435476
15164064135
15140667413
15040524998
15998612953
15040466493
15712374168
15042469467
15164044738
15104084518
15242692421
15040574219
15164024359
15004266487
15142401465
13478564762
15140617481
15140612476
15140676415
15142334068
15754004868
15998599826
15734154719
15164094327
15142444120
15164094320
15754044086
15140564219
15140384413
15140387496
15042404516
15241484586
15164074018
15242512415
15164004939
15164074012
15164074010
15140370459
15242644568
15998610198
15998650063
15998679672
15241197469
15140597418
15754034565
15164004280
15142350463
15184004218
15242559473
15040517465
15734154518
15142334798
15724524818
15998617235
15140314886
15734184186
15998671601
15242694462
15998683102
15998650573
15104074120
15998672318
15164024573
15241146451
15242655491
15140556409
15164004190
15140445417
13478975413
15140445412
15140332417
15998638572
15184036495
15242644968
15140324491
15734104019
15734104018
15998658353
15140414518
15142494465
15140670493
15998672263
15164034552
15998672265
15754094121
15998598936
15998636632
15241179486
15998593057
15164024013
15998593052
15998622115
15998590016
15734154286
15140376420
15140522409
15140686432
13478704169
15242611495
13478464952
15040404386
15140654479
15242509413
13478734975
15104073471
15040528451
13478986457
15164054895
15142386438
15140465491
15241454898
15242529465
15164044813
15042437460
13478494821
15242554198
15040644408
15164044679
15164044675
15998612635
15164044673
15004244086
15104084470
15998659085
15140613481
13478714006
15164094921
15242637416
15104052482
15140534068
15242637413
15242509416
15140575451
13478494780
13478995471
15040414286
13478985486
15140410432
15140454719
15164034605
15140394519
15140394268
15164094356
15140544918
15242642471
13478544507
15104114986
15164004739
15754044718
15042406437
15242606412
15140614463
15140312482
15998672732
15754004121
13478784271
15241194868
15142404110
15704114068
15164024269
15734164998
15998641956
15754064968
15140603463
15998641952
15040414068
15140494110
15040414718
15142434168
15140424475
15104114186
15242606429
15998661371
15040648402
15142443481
15998631189
13478494552
15140315490
15164014861
15998676806
15164014862
15140557465
13478664052
15142384168
15242664512
15242635492
13478764206
15040424618
15164054516
15754064718
13478724120
15142414476
15164064459
15140624986
15242554401
15998618623
15164014816
15714054516
15142362402
15734154919
15998612175
15142362407
15040437416
15104054718
15998617539
15724544668
15998603592
15998676852
15998688737
15140564198
15141134121
13478454317
13478754825
15040436410
15164024362
15164074790
15164024368
15998681320
15164014760
15164048419
15140576495
15998642783
15998626906
15754044098
15140442492
15042413432
15004254168
13478604309
15142471485
15140364668
15140514618
15998625901
15241484919
15242565410
15140387481
15042464186
15164074576
15242584512
15754044619
15140466470
15241461460
15998679605
15041124319
15241494186
13478674709
13478954958
13478754267
15241486481
15040452480
15754034561
15754044898
15704114120
15242595431
15164084871
15164084870
13478983439
13478434918
15140680451
15164004856
15142492410
15734194120
15998671613
15242604398
15998649289
13478634261
15998672931
15241139406
15242684198
15140561473
15040486419
15164034381
15142354068
15998626712
15140484019
15998687831
15998691857
15242515490
15242547493
15998683392
13478524601
15140614120
15998577162
15754094018
15754014219
15004114019
15998596372
15164004707
15998617862
15242583420
15142341492
15998629553
15142474986
15998653530
15140522418
15140523417
15141159425
15998593260
15998672031
15998663780
15140423405
15242616479
13478982491
15140574598
15042496421
15142386401
15142386407
15164064210
15242543419
15242577412
15040631470
15242529475
15998608027
15040644368
15042437479
15242691428
15242689493
15712364068
15164084275
13478924967
13478924961
15164094910
15998635532
15140351473
15241136490
15998578925
15164054721
15241167468
15142354619
13478976425
15734134898
15140308471
15164014485
15140575460
15998659761
15040532473
15164034616
15142434118
15164064737
15998592139
15140697461
15184038482
15998656270
15998659232
15998647673
15724514268
15142314186
15998643706
13478997482
15140404686
15140614473
13478484310
15140504286
15142309438
15142344518
15140524497
15242526470
15140524492
15734164218
13478424192
13478584079
15040414019
15242617436
15754074019
15140517495
15998665316
15140624198
15998625737
15998596563
15242504918
15140557473
15241128417
15241458427
15164084051
15242504186
15140354318
13478994682
15998665795
15242534512
15164054503
15998613153
15140690451
15142353485
15164054989
15241457436
15140691457
15042434818
15242636421
13478434052
15140679472
15142435403
15140439453
15164094126
15242645403
15998632620
15164094121
15734164918
15724504619
15998631532
15241484619
15241124098
15241154868
13478694579
15141144018
15142404568
15142449465
15142394819
15998613779
15998653192
15242675412
15104110472
13478998415
13478654031
15164004218
15004259452
15242604168
15998671590
15140384619
15242564402
15242564405
15998627670
15140364410
15998607853
15998628987
15242543402
15104058420
15242574120
13478968421
15040439425
15040486475
15140698461
15164084860
13478464167
15164084863
15998602967
15164084868
15140664121
15140664120
13478764702
15164064989
15242694118
15242694119
15041104319
15142424986
15242548403
15998589701
15104075452
13478674652
15140634719
15734124120
15998589389
15998622353
15164024156
15140537465
15141174068
15242515482
15142404819
15998609523
15140665475
15142439419
15141174286
15164014671
15164004317
15164014676
15998581627
15164064986
15998581621
15164074217
15042405472
15998656573
15734124918
15040534120
15040534121
15998622135
13478524295
15042491435
15734124386
15042454512
13478934301
15040474516
15142448412
15724564286
15714114698
15998611865
15040544268
13478744175
15998677502
15998672021
15242674516
15140524868
15142336460
15164014018
15040520492
15242674919
15164044875
15712384218
15241174018
15242524986
15998658372
13478982485
13478982483
15242594481
15998663170
15998669152
15164044612
15734104819
15164044610
15142392405
15142434586
15998638739
15040494512
15734164686
13478944539
15164094903
13478424561
15242670486
15998691087
15142404368
15142431465
15140524319
15142464268
15042457465
15140424186
15998599837
15164034973
15164074505
15140605498
15998659206
15164084190
15164094650
15242554318
15040634619
15164094651
15042412419
13478514685
15142314198
15242585497
15164044290
13478997492
15998597572
15734194518
15714064019
15104114698
15140554086
15241182401
15040526417
15040434119
15142418495
13478794136
15004257460
15734134186
15140524686
13478754098
15998679582
15140664218
15998665320
13478514973
15164044125
15164044126
15241144512
15164062481
15241458436
15140462405
15140462406
13478564613
15242654268
15142377461
15998592635
13478724812
15040434668
15242634121
15142351416
15140624298
15242534919
15242534918
15242638450
15040594398
15164054313
15140624476
15998646532
15140374898
15241124318
15724504268
15140323415
15040568409
15140486457
15998627217
13478554250
15998603572
15712354919
15140686473
15998678320
15998678327
15998641625
13478974653
15734144198
13478974650
15164034038
15998637279
15040471450
15242639497
15164037485
15164074779
15140603426
15998639550
15241464598
15998595030
15998635391
15140384119
15140334598
15734134618
15164074516
15142397423
15164074513
15140324786
15142454819
15140466416
15142440439
15140514412
15998679625
15040506457
15142358453
13478624893
15040639476
15998641083
15242559406
15140374368
15142464465
15164064302
15164064307
15164064305
15242693472
15140404968
15164024307
15242692470
15242620475
15164024301
13478764772
15042472406
15142424998
15040512417
15140454919
15140454918
15142330452
13478954902
13478674626
13478924761
13478744103
13478514837
15004264718
15142334298
15842442472
15754034919
15998671052
15164004812
15142494819
15164004817
15140330483
15734124718
15998617109
15998596315
15998629137
13478464180
15164014396
15998598271
15164014392
15242584319
15164074225
15998683573
15164074220
15140544218
15724534686
15140522430
13478984675
15142334168
15998678537
15242540438
15140471481
15040453401
15998683687
15164014028
15734134120
15734134121
13478734927
15840631492
15724564298
15040644786
15184034019
15142424518
15242594019
15242503481
15042419402
15242503487
15140627469
15040631493
15142355462
15242646423
15164004760
15140694168
15998621698
15242504068
15241127493
15242594491
15164044607
15242626423
15164084217
15242691407
15164084212
15040632490
15998638703
15998583907
15141102431
15998607062
15724574618
15004114618
15004114619
15140674768
15804250465
15140678436
15998658582
15242504286
15164044825
15140574318
15164009467
15998590869
15042456475
15998647128
15724594018
15164044289
15140684386
15164044829
15164034351
15998672765
15140337451
15142334986
15040526409
15104114686
15040434121
15998580873
15140494121
15142393430
13478474090
15734164019
15734164018
15164037457
15164044132
15998665625
15164044136
15164014819
15164044135
15712364518
15164064685
15241144386
15164064683
15714064286
15140462431
15242654219
15998578763
15164054072
15164054073
15242544426
15164034961
15998586185
15140638420
15241174798
15104114968
13478724175
15164054301
15040487467
15164054307
15142469419
15142469413
15164024870
15242645423
15998616093
13478554535
15140662402
15104054168
15140662401
15004254998
15140526435
15998587103
15164064867
15164074761
15142316457
13478484207
13478964921
13478694510
13478974461
15998633959
15242595475
15242654668
15140598479
15140344898
15140381403
15140474452
15140381406
15140598476
15712394619
15241134519
15724574118
15140466408
15164074503
15998613603
15242609487
13478754230
15042464086
15164064318
15104084487
15242625462
13478404952
15142476493
13478934819
15140480470
15140444986
15241124120
15164024319
15734124098
13478984671
15041124186
15242514516
15164024270
15241144898
15164004157
15164074180
15140326457
15140644368
15140341428
15142361487
13478972473
15164034356
15998657531
15164024275
15734104586
15040614298
15164034359
15998649382
15164039425
15998585672
13478634651
15164004807
15998598065
15998690862
15998686220
15140493453
15242562462
15998689027
15164014657
15042458463
15998676215
15040434019
15164004376
15184034398
15142446493
15164004379
15242504619
15242614110
15998682762
15140474198
15140652463
15142304968
15840671409
15142484786
15241107417
15998663778
13478974762
15042419416
15241164120
15164004779
15140484686
15164044856
15164004771
15142482403
15734104768
13478924535
15140694408
15140474998
15164084207
15142339465
15242543467
15142461421
15734134598
15140355430
15040544686
13478962430
15184030473
15998625375
13478987493
15140678403
15142379426
15998686912
15734134119
13478534620
15164044001
15998636813
15754084786
15140525461
15140444568
15140566496
15998656280
15242642435
15140524516
15998595806
15140524519
15998595801
15754054518
15140654219
15184001463
15042472493
15998578573
15164014036
13478494732
15164044635
15142394318
15242612405
15142444398
15164014820
15714064298
15140699457
15998612185
15998632690
15140649463
15242523408
13478969410
15164084025
15242635452
13478484293
15040494719
13478484290
15104064286
15754054198
15140692486
15140321451
15998607506
15998578719
13478414790
15140691462
15140624497
15040424121
15241164719
15164024016
15142494218
15164054330
15164054996
15142356493
15724584598
15734184121
15998603559
15104114019
15142307465
15998647829
15998647827
15042461432
15241467486
15040544198
15164064892
15164064959
15140434919
15140434668
13478904572
13478971481
15140347491
15241134698
13478694502
15242582406
15998595016
15164094578
15140571425
13478998421
15140571421
15140413496
15242507493
15164064093
15142355473
15140381471
15140564618
15242526497
13478494860
13478454623
15241134219
15242544598
15998687320
15242564451
15998687630
15184034569
15104099486
15104099483
15004110472
15998601373
15998680171
15141184481
15164084785
15164084832
15998602687
15242692492
15712374918
15164024325
15140416403
15140664110
15998613296
15164024981
15140423402
15998650052
15242557498
15714054918
15164024505
13478971425
15142331479
15998665993
13478967480
13478996480
15242584481
15998667595
15998609225
13478971421
15998633723
15040634398
15140384318
15140537453
15754034398
13478514570
15734124268
15998625162
15998623813
15998671925
15998581613
15141174019
15242583465
15998675263
15712354110
15184009458
15998613831
15998623751
15140469410
15754064719
15242694410
15998596505
15998687367
15140314479
15140473403
15242574098
15998676063
15242674898
15040473476
15140465425
15242694898
13478744709
15004114186
15140474986
15998598695
13478574923
15242531481
15998672171
15164014375
15998656053
15140344918
15998621091
13478974281
15734124519
15734134586
15140430482
15104098420
15040434898
15734124512
15140414768
15141135479
13478962406
15140654598
15042403403
15140575427
15040476472
15998592357
15998601589
13478694086
15242611423
15040532437
15164034656
13478914826
15140427415
13478644873
15140674218
15140674219
15140386423
15241154519
15998675995
15724534086
15142301459
15041196483
15140568436
13478976410
15241104412
15042456418
15241194368
15241461429
15242674419
15140314120
15042412429
15142424718
15242624686
15164014631
15998615573
15040414586
15164054036
15142450481
13478524802
13478794160
15164034279
15998600183
15040562497
15164044621
15040444318
15242544886
13478664295
15142394453
13478494501
15142464619
15164014835
15164014832
15164064665
15164044153
15998659670
15242624420
15242604986
15164014838
13478960487
13478960480
15040504918
15140394219
15242647439
15140356482
15142497428
15998641832
15998600239
15998578032
15998606176
15242531421
15241454218
15242655492
15998657091
15104082473
15241164319
15040514618
15040514619
15140334119
15724584586
15042461427
15241467491
15164084716
15754044120
15754044121
15998623252
15242544668
15142404619
15998669270
15140586471
15164084715
15241134068
15242603407
15242594286
15140347481
15140617426
13478971491
15998626975
15042484401
15754064086
15998585870
15164024913
15164064089
15140406486
15142414519
15040537420
15040514298
13478454126
15142390481
13478654079
13478764291
15142464439
15241495470
15140463491
15242644719
15164034016
15164034015
15998580365
15734104218
15241124457
15140337463
15164084791
15164024992
15164024990
15164024997
15164024330
15142404437
15140663480
15242543415
15998585250
13478524163
15998691936
15164024516
15142430493
15998585259
15164094525
15164004175
13478996472
15704114798
15142484368
15164034337
15242627429
15140644698
15724584018
15998615931
15164024193
15140564598
13478774610
15140604998
15714054718
15998686205
15998627135
15164014639
15140615461
15164014635
15241175472
15164074257
15998611265
15242583476
15840620471
15140674512
15242583471
13478464286
15140354516
13478464280
15140371451
15998655635
15164014161
15242524491
15242694406
15140526475
15998611663
15242552457
15140514886
15998619253
13478504325
15140391472
15242594512
15242574718
15241129402
15241483462
15242514319
15998600756
15142482420
15998600752
15242646418
15164004759
15140685453
15998608565
15241104086
15140584319
15242644496
15241104398
15164084223
15164084221
15998609613
15140344453
15140343483
15184039470
15998628780
15998638773
13478704279
15998596105
15734134868
15164034668
15998686970
15140417485
15104084219
15242587405
15242589403
15140574436
15998679219
15998622680
15241154298
15734184968
15734134719
15142304168
13478977420
13478997452
13478976401
15998692031
13478614675
15998672790
15140587423
15140311450
15998612218
15998597531
15242634698
15040414598
15004114819
15004114798
15242558483
15142320467
15140304268
15142394110
15242664286
13478404361
15140638413
15040434268
15140596421
15040458472
15142333470
15998602107
15142466463
15241458472
15724514568
15724514368
15242648423
15242544472
15142468436
15164094326
15040448475
15998579397
15998579398
15998653092
15141164481
15242640493
15998636015
15164094993
15164054358
15140328407
15241467460
15042414417
15042494719
15998627962
15998678367
15998596910
15041174120
15998612030
13478969412
15140365408
13478654260
13478974831
15998681827
15140676482
15998646797
13478974306
15242564618
15242675469
15040434519
15142451405
13478734671
15140621453
15998680379
15704114968
15998613109
15004118407
15004118406
15241464086
15164024175
15164024290
15164024292
15140461409
15040514086
15241164518
15242601429
15104058471
15998601350
13478544120
15724584398
15734184368
15140495401
15164034069
15142363463
13478554706
13478634809
15164074737
15998640938
15164064395
15164074886
13478634752
15142403496
15242684686
15164094519
15040514886
15998585221
15164004108
15164024075
15140664319
15164094517
15164004103
15164094513
13478996461
15164034328
13478564085
15164034325
15140628426
15042464618
13478972409
15042453438
15242579401
15140324407
15040461479
15140387460
15142440476
15734114686
15140384519
15164014357
15164014356
15164074263
15140584198
15140310480
15998683532
15142450462
15040622430
15142390490
15998589087
13478624326
15998589083
15004118463
15140314819
15140522471
15998678575
13478934603
15164084583
15242694168
15840674471
15242694219
15998682591
15140391408
13478991420
15042479481
15241466490
15164024701
15242621453
15998597192
15164004723
15998591317
15142467430
15140479470
15734104798
13478979480
15242514786
15754084118
15142484118
15042404086
15242681439
15724544198
15242681437
15242681430
15998591665
15164005413
13478967438
15998629315
15998586327
15242580437
15724574121
15724574120
15998677681
15242534019
13478694062
15242594186
13478992435
15998615081
15734194098
15242589419
15998622691
15164004831
15040491462
13478614271
15998677851
15140528439
13478976437
15140644618
15242567401
13478997421
15164008419
15998576107
15998630179
15184003406
15040627412
15242608406
15142394619
13478714363
15141184918
15164044397
15140693479
15242535497
15724524819
15041140463
15141125461
15998665375
15164044178
15164054698
15164044175
15140596453
15242523472
15140462471
15142327412
15998658701
15142414168
15140697483
15164084181
15140428497
15998592158
13478464579
13478977430
13478970479
15714064798
15140374519
15164090451
15754004719
15754004718
15142307431
15754074386
15998661271
15242672476
13478644107
15242645460
15724544619
13478614025
15242674619
15242674618
15164073405
15164014983
15142354118
13478654275
15140364819
13478904501
15042434565
15142444698
15140362428
15840665403
15754074568
15724594798
15140514198
15998681586
15140364219
15042407451
15042407452
15041134086
15142454118
13478494306
15140571453
15242564286
15140598435
15040642459
15140476481
15164084612
15140303436
15142346426
15242548429
15998606158
15142353462
15040504719
15142358407
15242684430
15164024287
15164024282
15242634919
15104083493
15998641785
15998641039
15241184218
13478984457
15164094728
15164064350
15241124473
15164084776
15164084801
15164084779
15140373421
15724584386
15140423436
15164074728
15164074729
15164074897
15142316413
15164094503
15164094506
15042495461
15164024065
15164094398
15998645956
15040574121
15142334618
15998656882
15140332496
15242614719
15998683976
15140332491
15998679762
15140324415
15140324416
15998685783
15140429479
15140613495
15724534519
15998649692
15164039463
15998618670
15998675078
15140504698
15754024686
15140316403
15140684698
15241144586
15164074272
15164074271
13478534086
13478614951
15142374786
15140584186
15734184768
15998622193
15040620470
15164054703
15998672951
13478998425
15142354219
15998682901
15141185410
15242641423
15242622480
15242543437
15242633490
15140414998
15998582793
15042424698
15241454495
15164044723
15242699467
15998638570
15242504368
15754014618
15040576475
15242547480
15140465413
15724534186
15164024710
15241451472
15242698401
15754014298
15040467421
15998576020
15754084386
15242650493
15140613403
13478704252
13478704253
15998609631
15998628232
15140604298
15142404386
13478704781
15998625338
15998677129
15241474286
15164014167
15164034683
15242591435
15140574186
15242589469
15140554298
15754084618
15142384479
15242567416
15142301463
15242567415
15242674420
15998621358
15164044986
15142365429
15998597517
15140314110
15734194519
15140314118
15142447419
15142385473
15241124598
15724534368
15242573467
15140584410
15734164919
15241484719
15734164268
15140470432
15040524453
15242525471
15040445490
13478584391
15164044183
15164044187
15998662601
15164004689
15042474512
15140564998
15142334481
15164064630
15724554120
13478434182
15734174619
15998585836
15004244219
15042494086
15242635417
15242698415
15040404619
15140354386
15998596701
15140321413
15140602421
15140420460
15140405479
15140424168
15164064181
15998639026
15164064187
15164074382
15140658480
13478994165
13478970459
15734154998
15998627909
15754074719
15842416453
13478654201
15998681770
15140497421
13478424857
15140484398
15754064786
18340814752
15140474918
15184009406
15242602491
13478474931
15142449497
13478674715
13478970453
15104094886
15734114368
15754044018
15241184198
15140334098
15140545481
15040448469
15998602703
15164084605
15142346436
15164064325
15164054372
15164054375
15142394098
15164024272
15164024271
15164084782
15164024276
13478554815
15164034001
15998690635
15998617318
15242685421
15140487439
15040614718
15242614898
15242522476
15004110435
15040532460
15042494518
13478504390
15164094759
15754064120
13478454392
15141134386
15164074712
15998583360
13478644169
15998583362
15842431495
15041186450
15164084126
15241484668
15998632276
15754094318
13478972426
13478972427
15141134563
15164094579
15242627476
15241460435
15140332487
15140332480
15242614098
15164034308
15140387408
15724534562
15724574819
15734194318
13478404832
15998671560
15140305463
15724534568
15140461469
15140461465
15242531483
15140316471
15140316470
15164074283
15140512460
15998686013
15142441496
15164004383
15164004382
15164074289
15164004389
15041104495
15140354819
15042454586
13478624657
15998622182
15164004902
15998665802
15242614368
15242548491
15241123426
15142368406
15998650019
15998590390
13478934156
15140627483
13478934153
15241474618
15164024729
15164024728
15998691765
15998582965
15142494568
15998690367
15104064438
15998608536
15104087468
15142344868
13478714961
13478684983
15998627751
15040544018
15142474586
13478684761
15164044061
13478514896
15242504516
15998628202
15998667602
15140329473
15712394818
15998629330
15104064492
15140484986
15164014159
15241461479
15164014151
15164014152
15140519489
15241194286
15140584798
15164034695
15164034697
15998677595
15140454429
15734174121
15164014085
15754084119
15164014080
13478991405
13478997405
15712364719
15242580435
13478971472
15998663073
15242580438
15184020437
15242674450
13478604607
15754014868
15998576297
13478514293
15040404598
15140304219
15040554198
15241164098
15724544568
13478564150
13478614956
15164044196
15164064993
15998605602
15140554918
15998632872
15104114598
15164054586
15140646405
15142351485
15998600279
15242534218
15242534219
15164054589
15724504818
13478584163
15998641873
15241164898
15242560495
15142435486
15164064197
15142435482
15164044671
15241107451
13478584613
15164064198
15140534319
13478484175
15242672458
15242573486
15242657453
15164014961
15998597706
15242517480
15754074768
15042434898
15998656186
15241192493
15164024773
15998681290
15140516413
15164054103
15164054106
15042443465
15242605476
15004254068
15142459479
15242507461
15142459471
15142321471
15104094898
13478604390
15142346408
15724554718
15724554719
15242644286
15242557413
15142491475
15140694968
15164044331
15242537432
15142437490
13478978495
15164014625
15164054361
15242539435
13478624825
15140334121
15140392473
15998583856
13478754923
15164054369
15242559493
15754024368
15998591915
15724504568
15164084758
15164064376
15164084753
15998625160
15242643402
15140434298
15998617786
15040412492
15998617782
15754064110
15241130476
15142404476
15164074875
15141144768
15004267402
15164074709
15998641279
15164024005
13478574576
15164094561
15164004130
13478975420
15140495491
15142406482
13478544013
15184014495
15140429450
15242539432
15998690252
15164054813
15998687372
15184034516
15242531479
15998680653
15724524618
15164074295
15040494168
15242673435
15998686028
15140504496
15140317482
15142494086
15140631498
15041164068
15141174686
15242684768
15041124618
15041124619
15140471410
15840669412
15004114218
15004114219
15184014518
15241453405
15998590387
15140334512
15140556427
15241459473
15998609925
15734104618
15241483426
15998650732
15998651359
15242614120
15241451493
15164034056
15998598379
15140320497
15164004719
15998649015
15998586273
15998690375
15164004712
15242643405
15141140461
15042424986
15140424918
15241174098
13478444317
15140675420
15998622537
15734124968
15734124786
15242562406
15998682071
15998622539
15242562401
15140484998
15998609653
15140430459
15140534086
15734134286
13478714752
15142314268
13478967403
15040476425
15142444268
15998683701
15140455481
15042414718
15998586319
15140664968
15140614886
15241174368
15040441460
15140627490
15164044213
15164044217
15184025419
15142447436
15040617459
15164044219
15140314686
15184025410
15040526490
15998608380
15140344018
15140344019
15998651173
15734194598
15754014819
15754014818
15142474319
15164044698
13478484305
15242530451
15164044691
15004113481
15140454686
15140481485
15242680462
15998608258
15241454618
15998605967
15164064963
15242550452
15164064968
15241156418
15242500463
15998632867
13478914326
15712374120
15712384068
15004268461
15734144919
15140324398
15004267407
15724514786
13478544782
15140337429
15140374818
13478644176
15242534569
15142394086
15140362418
15242596483
13478986435
15998656191
15242590439
15164014959
15242511491
15140517420
15004114786
15734164718
15734164719
15164054173
15164054172
15164054171
13478584790
15754074516
15104062405
15998616796
15164064928
15142394886
15754074519
13478644086
13478414157
15140476470
15140476471
15040543497
15142491460
15164054393
15140682497
15164054391
15704114519
15242640459
15164054398
15242641457
15142344495
15164094087
15004114918
15164024256
15998690967
15142454386
15164024252
15040574319
13478914609
13478724902
15242539429
13478574920
15142476402
15142498435
15164064386
15998626526
15164064389
15142463479
15164094771
15040431453
15104057403
15724564998
15998680089
15242564121
15242564120
15140564319
15140364718
13478604236
13478975438
15164074112
15998645903
13478574501
15041156491
15140581403
13478975435
15998641260
13478674271
15724534818
15142374405
15998679739
15140608420
15241468472
15998595650
15004247413
15998678603
15164004897
15164054826
15164054823
15141184719
15754024819
15242673403
15140384886
15998683065
15242673409
15040478428
15164084232
13478504910
15164004091
15140634479
15142494098
15140668486
15140454516
15142398436
15242524110
15704114368
15734134986
13478444105
15998632528
15140479426
15998589912
15142402457
15998649227
15142342410
15164024036
15164014589
15241459465
15998638839
13478714503
13478714502
15242520495
15998601659
13478744769
15164004275
15998625059
15142367487
13478744762
15140364496
15164034502
13478534320
15140483419
15998622523
15754094198
13478684702
13478704803
15998671237
15734124798
15140485471
15998622708
15998591629
15712394918
15998686081
15704114286
15164015405
15140454168
15040491421
15998679268
15140519460
15724564219
15164054518
15140669490
15140566409
15724544919
15242524668
15704114018
15754014668
15998663273
15998631291
15242594457
15998677393
15998669030
15164044202
15142456402
15998673813
15140507415
15712384186
15998619007
15998576905
15004243403
15142344018
15998596289
15724534398
15998579052
15998579050
15242680473
15142464121
15142464120
15242681470
15242681476
13478414810
15164064972
15164064602
15998652663
15040596475
15998628003
15242544319
13478644363
15241156409
15140646425
15140524298
13478424793
15998655090
15140438473
15142414121
15140321426
15998630029
15242554386
13478904893
15998652993
13478694930
15164069485
15140574398
15140528471
15041134518
15734144519
13478994152
15140487452
15104114719
15004254598
13478970439
13478484191
15998625608
13478994481
15104094686
15040477495
15140539470
15164084697
15998612060
15724554086
15712394120
15140434618
15140434619
15140494386
15998661906
15164054168
15140426415
15242553438
15104076493
15164054161
15734164768
15164044713
15241184437
15734144786
15040495430
15140374485
15140593462
15734184086
15164084651
13478554132
15164084658
15142352405
15724514798
15164054385
13478978475
15164054387
15142470471
15998692135
15998641076
15242548481
15140392451
15140518462
15998603913
15998639271
13478434259
15142477410
15164084730
13478444372
15164094762
15998651709
15998643361
15140518490
15140494968
15998643365
15164074857
15141184098
15142311407
15998683273
15242584412
15998641297
15734174719
15164074106
13478964160
15140687450
13478975402
15140642453
15998679729
15242532429
15998616583
15242572401
15714054519
15140642459
15164004883
15754024398
15164074586
15142424586
15164074580
15164074583
13478984015
13478554821
15754094298
15241484768
15040620438
15040620437
15164004082
15998665852
15140634198
15998581072
15242524471
15040598439
15140546487
13478524102
15140664368
15040474718
15142403469
15140396487
15998632537
13478544761
15242503412
15242503415
15042417412
15140397420
15998631863
15140414268
15104095415
15040404368
15142464718
15164004267
15142345469
15164074320
15004114118
15998671396
15164074325
15104064403
13478954281
13478534336
15164034532
15040484618
15041154398
13478534192
15164014306
15734154398
15734134512
15734134519
15242584186
13478694036
15998609892
15714114368
15734184986
15724534019
15140386497
15754084120
15754014121
15754014120
13478674587
15998576027
15164056408
15104078425
15142328457
15140603402
15712384198
15164084961
15998669020
15164064067
15140584098
15164086482
15140311432
15164044238
15140424919
15040534098
15164025402
15104112490
15998638312
15998646736
15242558462
15998663190
15164034718
15140594668
15140430473
13478594190
15164034716
15998593105
15998626075
15242505495
15004116427
15104114898
15998656539
15242654286
13478960471
15998590967
15142303402
15040515408
15040554968
15142314718
13478961472
15104089461
15142484386
15140442493
15242544118
15714064121
13478989475
15040624868
15734164886
15164044150
15998673395
13478992406
13478992405
15712354319
15724584512
15140672410
15724584516
15242672420
15104114098
15104114768
15140635472
15998662937
15164014938
15164014937
15140358491
15164014932
15140682467
15712394110
13478434671
15712394119
15140362475
15164084398
15140578496
15104061498
15241468497
15998665690
13478404651
15041174986
13478914283
15164054157
13478794265
15242690453
15242692415
15040472493
15040472490
15998668083
15142399461
13478674215
15164064013
15040604818
15104114368
15754084586
15164034887
15164034882
15754074619
15040647413
15242584168
15998678251
15242634119
15142352435
15998623556
15241156460
13478978462
15724504719
15142404198
15040594119
15040594118
15998641060
15142464481
15712374519
15712374518
15164084702
15998602607
15164084709
15104057427
15724584886
15164024907
15724574119
15040469451
15164024903
15164090436
15164084980
15241147431
15140320467
15140645407
15998625817
15242534467
15998597910
15004267453
15998625812
15041162479
15164034908
13478604217
13478654171
15714054868
15140394568
15140364518
15998641282
15241460472
15242564368
15140384719
15998687580
15140415490
15754034319
15104054218
15242596475
15140415497
15242587475
15142454452
15724574898
15241464718
15998653802
15040644518
15142308415
15998686721
15164046416
15164064231
15042465492
15140624098
15724544598
13478554671
15242556453
15141184519
15040474368
15998623296
15242534403
15042464219
15754094286
15754074120
15142398415
15998657251
15140364198
15242543489
15142416431
15040596425
15142462482
15998603910
15998616856
15040580462
15040474098
15714064110
13478714831
15242503426
15164072419
15242514819
15140634986
15734104668
15754024298
15242514368
15998676170
15140644118
15754094068
15724574368
15164074312
15040494086
15140354458
15998658902
13478524397
15164014331
15998668961
15998669787
15734124919
15042461429
15164014119
15004264218
15241124798
15998677156
13478967450
15164014115
15242574491
15998592860
15241104818
15140654512
15142375486
15140654516
15242591409
15140566425
15242599423
15998627953
15242674819
15140419496
15998619712
13478992429
15041104186
15140594472
15142453410
15998612260
15242567478
15998659182
15998576927
15998593235
15104112480
15998579073
15998671870
15140311416
15164004523
15164034702
15164034701
15140548421
15140549402
15998651097
15104096405
15004262420
15040634998
13478644305
15141179412
15140484121
13478644301
15998606862
13478914351
13478484206
15998623702
15998596770
15140306413
15242642480
15142447416
15998612597
15042456496
15734194121
15104088475
15840684402
15040414451
13478976496
15242679458
13478992473
15734164568
15142304429
15242672419
15142329416
15164084837
15712394186
15142455487
15242590462
15142455489
15041124819
15998661961
15142322497
15142364118
15164054635
15164064952
15164064953
15998579526
15141191436
15141129472
15140304619
15242507428
15004114598
15164034892
15140545476
15164084672
15164084675
15040494986
13478454056
15998605968
13478484027
15164034738
15142470459
15104114086
15241144186
15724564516
15998641721
15998587701
15040575459
15242682461
15164034093
15242614516
15164034091
15242614512
15140373483
15164024919
15164084712
15040566403
13478474697
15712364318
15140518472
15164094626
15104081497
15142414668
15998680073
15998597963
15734194798
13478904296
15040624412
15840987492
13478654169
15734134068
15140435416
15004244098
15998670393
15140643472
15142300496
15241124986
15042435492
15142423461
15734174919
15734174918
15242579492
13478754871
15242572420
15724514119
15164054850
15164054853
13478764215
15140494406
15140374286
15140458453
15040474886
13478504036
15242685497
15164024225
13478574351
15714054619
15140444786
15140354598
15242550453
13478984962
13478984217
15140584120
15242534417
13478734831
15140464218
15141134268
13478454562
15140474476
15998637116
15242654718
15242543495
15998675282
15164094212
15164074129
15142464218
15998623085
15754034819
15754034768
15164074125
15998649728
15142459431
15734124619
15998649720
15142475486
15242600461
15142494268
15164004205
15164074306
15998658912
15164074308
15754024516
15164034553
15998687913
15998603023
15998587928
15998672860
15734184618
15164014325
15164014328
15140453439
15998686318
15140314318
15164014108
15998625395
15998686317
15184024186
13478987435
15142494668
15712394368
15142474686
15998679293
15164064120
15140607406
15998676896
15040640472
15998576552
15140684586
15242694268
13478664553
15998593691
15142383480
15241455470
15140551472
15998663027
15140592457
15184024986
15998643819
15242608471
15142454986
15164014583
15164014581
15164014586
15164014587
15242535426
15242535427
15004114719
15241155471
15140492407
15998575972
15164034775
15041187439
15140667410
15998626059
15142309470
15142478472
15164084082
15140574218
15998641806
15140489453
15140482402
15998582125
15242504019
15998630075
15998586135
13478764980
15140604186
15140514918
13478976483
13478976485
15242679463
15142453405
15140304598
15241104686
15754064818
15184004698
15242672408
15998668310
15754054798
15140538401
15998662139
15242674119
13478904591
13478986471
13478774825
15140362452
15140364886
15140628407
15164054607
15140454068
15998655119
15242553401
15164054609
15040434919
15242544298
15241144519
15142364619
13478404781
15164034010
15242506437
15734154298
15241452481
15140524462
15140476432
15724514618
15754004018
15998678275
15242544120
15998665231
15734104219
15142376481
15004254898
15140672438
15241486470
15242641419
15734144512
15724504518
15242682476
15734144516
13478564809
15242564568
15242648425
15724594386
15164003409
15040417402
15141154819
15724584318
15040566471
15998643390
15998668135
15998629809
15714114168
15712384786
15998680593
15998616753
15712394719
15998616756
15998676939
15184032471
15164054869
15242572435
15142487410
15140324120
15142308430
15164054862
15184004118
15998580269
15998670093
15164034179
15164034175
15724514120
15998580267
13478624850
15164024213
15164024212
15164024215
15998611835
13478574327
15241184286
15724544868
15241172451
15734104986
15242684286
13478624631
15164094661
15734104398
15998686117
15140474168
15998645630
15164004053
15734114698
15164064209
15998605350
15242564786
15140546470
15242615495
15840664457
15841107425
15140655476
15040624286
15998585737
15042464698
15164094593
15164074153
15164094598
15164004238
15164024781
15998625019
15998591820
15104095467
15998591827
15241470465
15164074370
15140384918
15998622560
15998672813
15998600556
15140354473
15241457421
15998671275
13478634051
13478934208
15242604485
15754034118
15998683023
15734194019
15754014598
15142481497
15140314986
13478987425
15104074068
15041154698
15754014118
15754014119
15754054918
15140336405
13478674801
15142484512
15242629412
15140414218
15140414219
15754004619
15164054517
15242504319
15998656301
15998659162
15998656302
15241184518
15140360497
13478544867
15140654268
15242615496
15142474432
15242514619
15142474435
15242558413
15140481450
15242689473
15140599492
15242535410
15241489450
15242535419
15140564519
15164005497
15998627519
15998626025
15734134565
15998622032
15998627513
15040564698
